44 14 0.149361111
44 59 0.325591667
44 149 0.453402778
44 177 0.281347222
44 254 0.239436111
44 378 0.244891667
44 430 0.257191667
44 434 0.141769444
44 489 0.324455556
44 729 0.210341667
44 927 0.174741667
44 979 0.299847222
44 1104 0.171452778
44 1245 0.061536111
44 1369 0.303866667
44 1430 0.21165
44 1578 0.181061111
44 1811 0.321786111
44 2021 0.309186111
44 2117 0.438575
44 2161 0.191980556
44 2171 0.401027778
44 2260 0.261438889
44 2337 0.303966667
44 2399 0.141161111
44 2658 0.429636111
44 2690 0.136180556
44 2712 0.348211111
44 2802 0.088719444
44 2854 0.127727778
44 2895 0.049594444
44 3052 0.059025
44 3117 0.136680556
44 3238 0.200466667
44 3282 0.148341667
44 3319 0.196338889
44 3410 0.275852778
44 3581 0.264052778
44 3692 0.208775
44 3796 0.248830556
44 3844 0.231738889
44 3895 0.390116667
44 4069 0.19385
44 4100 0.341605556
44 4101 0.195577778
44 4147 0.073838889
44 4182 0.175077778
44 4187 0.133538889
44 4214 0.162633333
44 4256 0.076005556
44 4257 0.274319444
44 4514 0.131147222
44 4683 0.315766667
44 4822 0.076963889
44 4843 0.120688889
44 4860 0.211991667
44 4886 0.200180556
44 4922 0.206005556
44 4947 0.130872222
44 5013 0.146705556
44 5057 0.143575
44 5159 0.208086111
44 5268 0.308152778
44 5388 0.150877778
44 5460 0.399013889
44 5544 0.131761111
44 5628 0.238388889
44 5679 0.381694444
44 5846 0.134730556
44 5929 0.350844444
44 5953 0.217736111
44 6049 0.153263889
44 6071 0.368891667
44 6086 0.281288889
44 6090 0.317225
44 6481 0.153352778
44 6502 0.200433333
44 6509 0.183994444
44 6590 0.196108333
44 6627 0.301997222
44 6696 0.188227778
44 6726 0.049152778
44 6817 0.079258333
44 6849 0.204552778
44 6859 0.158377778
44 6879 0.272661111
44 7322 0.187036111
44 7334 0.104247222
44 7356 0.203863889
44 7395 0.130269444
44 7556 0.277527778
44 7645 0.167472222
44 7745 0.314933333
44 7908 0.134319444
44 7959 0.391625
44 7970 0.307208333
44 7997 0.346688889
44 8037 0.286616667
44 8069 0.336419444
44 8138 0.363330556
44 8234 0.458125
44 8247 0.173861111
44 8274 0.34415
44 8492 0.310422222
44 8546 0.215694444
44 8621 0.229405556
44 8691 0.138588889
44 8884 0.129747222
44 8982 0.186116667
44 8990 0.103938889
44 9129 0.184022222
44 9388 0.149044444
44 9391 0.264469444
44 9440 0.231416667
44 9583 0.062002778
44 9591 0.076863889
44 9626 0.313263889
44 9698 0.150225
44 9796 0.177186111
44 9893 0.22425
44 9938 0.210766667
44 9985 0.165383333
44 9999 0.362497222
44 10075 0.411013889
44 10130 0.258175
44 10152 0.228513889
44 10200 0.290452778
44 10223 0.233411111
44 10262 0.113830556
44 10279 0.232380556
44 10292 0.189847222
44 10346 0.177413889
44 10374 0.441480556
44 10538 0.255483333
44 10563 0.276141667
44 10598 0.199241667
44 10630 0.236605556
44 10682 0.257547222
44 10796 0.230947222
44 10808 0.367941667
44 10810 0.293761111
44 10843 0.215544444
44 10876 0.148511111
44 10908 0.1317
44 11011 0.187663889
44 11139 0.160241667
44 11208 0.202666667
44 11441 0.222958333
44 11459 0.223044444
44 11500 0.428102778
44 11638 0.311297222
44 11642 0.274002778
44 11645 0.033069444
44 11719 0.118088889
44 11723 0.175866667
44 11750 0.237597222
44 11810 0.424966667
44 11908 0.1707
44 11937 0.379583333
44 11968 0.209086111
44 12009 0.264613889
44 12227 0.293094444
44 12344 0.108155556
44 12392 0.104055556
44 12408 0.272819444
44 12485 0.169
44 12501 0.208811111
44 12505 0.252608333
44 12743 0.321772222
44 12763 0.391605556
44 12911 0.234502778
44 12946 0.311258333
44 12965 0.268533333
44 13183 0.294133333
44 13194 0.39005
44 13221 0.407577778
44 13236 0.162091667
44 13238 0.221763889
44 13383 0.1068
44 13560 0.23745
44 13702 0.195522222
44 13750 0.267844444
44 13776 0.330447222
44 14105 0.190216667
44 14147 0.338105556
44 14163 0.351855556
44 14193 0.036163889
44 14283 0.118458333
44 14301 0.221288889
44 14356 0.131197222
44 14407 0.320111111
44 14472 0.419980556
44 14663 0.091625
44 14664 0.125758333
44 14675 0.144827778
44 14799 0.353083333
44 14857 0.257752778
44 14971 0.173991667
44 15040 0.088827778
44 15047 0.239027778
44 15087 0.061811111
44 15101 0.228497222
44 15125 0.278180556
44 15132 0.443272222
44 15283 0.320216667
44 15344 0.112338889
44 15488 0.339441667
44 15532 0.117886111
44 15547 0.211105556
44 15551 0.086816667
44 15767 0.174944444
44 15823 0.217136111
44 15833 0.196866667
44 15922 0.115625
44 15945 0.440544444
44 15979 0.213961111
44 16170 0.163119444
44 16276 0.109647222
44 16373 0.316483333
44 16378 0.278741667
44 16401 0.148958333
44 16418 0.326377778
44 16530 0.351347222
44 16624 0.172147222
44 16659 0.207666667
44 16785 0.315852778
44 16799 0.128308333
44 16896 0.068452778
44 17001 0.032708333
44 17140 0.278147222
44 17188 0.323013889
44 17284 0.117305556
44 17308 0.181125
44 17422 0.2969
44 17622 0.381861111
44 17678 0.257738889
44 17756 0.200511111
44 17800 0.306283333
44 17875 0.143930556
44 17888 0.119625
44 17897 0.378002778
44 17970 0.280986111
44 18034 0.108583333
44 18087 0.356308333
44 18234 0.199905556
44 18311 0.179744444
44 18347 0.052758333
44 18506 0.174233333
44 18543 0.500863889
44 18601 0.113525
44 18667 0.215075
44 18702 0.181194444
44 18711 0.093213889
44 18786 0.094605556
44 18887 0.12005