0.5673611111111111 1245
1.5375 14193
2.8069444444444445 2690
3.1951388888888888 1245
3.4875 6590
3.6618055555555555 15979
5.114583333333333 18311
5.307638888888889 15551
5.357638888888889 1245
5.511111111111111 6590
6.4430555555555555 1245
6.511111111111111 4147
7.027083333333334 17001
7.051388888888889 177
7.216666666666667 5388
7.414583333333334 18667
8.375 2895
8.375694444444445 6590
8.48611111111111 18311
8.574305555555556 2895
8.595833333333333 1245
8.67361111111111 6049
11.05486111111111 14193
11.35625 14193
11.5125 18311
11.759027777777778 15551
11.841666666666667 6049
12.358333333333333 12227
12.760416666666666 13702
13.695833333333333 18711
14.052777777777777 17001
14.89375 6071
15.085416666666667 2854
15.73263888888889 1245
15.92013888888889 15087
16.22013888888889 6590
16.639583333333334 14663
17.372222222222224 14193
17.761805555555554 11645
17.772916666666667 17001
18.080555555555556 6590
18.226388888888888 2895
18.860416666666666 15945
19.363888888888887 18601
19.51875 11750
19.744444444444444 10563
19.82986111111111 10279
20.446527777777778 17001
20.55625 4947
20.572916666666668 6726
20.95347222222222 17001
21.072916666666668 17001
21.224305555555556 13236
21.87152777777778 17001
21.916666666666668 3319
22.031944444444445 6049
22.34236111111111 17140
22.34236111111111 11645
22.394444444444446 3238
22.997916666666665 12743
23.37013888888889 6590
23.632638888888888 10908
23.986805555555556 9626
24.7625 11645
24.917361111111113 8621
25.105555555555554 15087
25.470833333333335 8691
26.354166666666668 11645
26.403472222222224 17284
26.439583333333335 1430
27.34861111111111 3410
27.91111111111111 17001
28.555555555555557 3282
28.58125 3410
28.763194444444444 14193
28.77638888888889 17001
29.088194444444444 14193
29.293055555555554 7970
29.465972222222224 10908
29.54722222222222 11719
29.56875 14193
29.617361111111112 11645
30.18611111111111 3410
30.513194444444444 1245
31.26875 14193
31.409027777777776 2895
32.03402777777778 6049
32.704861111111114 1430
32.72430555555555 6859
33.22222222222222 15047
33.2875 6590
33.46180555555556 14193
33.50347222222222 3410
33.580555555555556 6049
33.68472222222222 14193
33.84444444444444 7970
34.264583333333334 14193
34.389583333333334 9796
34.49513888888889 1245
34.55625 17001
34.56388888888889 17001
35.49513888888889 1245
35.59791666666667 17001
35.678472222222226 17001
35.82222222222222 15551
35.95 6049
36.045833333333334 17001
36.36875 6726
36.39861111111111 18311
36.60208333333333 3282
36.75 6590
37.09652777777778 11011
38.352777777777774 17140
39.63611111111111 14193
39.93888888888889 18601
39.95625 15087
40.35625 5929
40.63472222222222 1245
41.48125 6590
41.69583333333333 6049
42.37361111111111 4101
43.047916666666666 3410
43.489583333333336 17001
43.87361111111111 489
44.21527777777778 17001
45.31319444444444 14193
45.42777777777778 17897
45.5125 11645
45.55486111111111 16799
46.59305555555556 1245
46.72291666666667 11645
47.28333333333333 3410
47.28333333333333 6726
47.4625 14193
47.59791666666667 15087
49.34375 11645
49.46805555555556 18311
49.5875 11645
50.40763888888889 9129
51.56319444444444 13221
51.666666666666664 6071
52.390277777777776 6726
52.78888888888889 17001
53.0625 3410
53.302083333333336 14193
53.422916666666666 3410
53.45 4947
53.66736111111111 11645
54.44444444444444 14193
54.47986111111111 15087
54.5 6590
54.606944444444444 6590
54.613194444444446 17001
55.394444444444446 6049
55.47708333333333 1245
55.602777777777774 11645
56.28125 2895
56.69722222222222 1245
57.30763888888889 2802
57.701388888888886 14193
58.50555555555555 6627
58.65347222222222 11645
58.72222222222222 17001
59.40972222222222 14193
59.71736111111111 17001
60.34305555555556 17001
60.47847222222222 1430
61.46805555555556 17622
61.67986111111111 17001
62.50138888888889 11645
62.580555555555556 15087
62.63055555555555 17001
63.36388888888889 11645
63.37569444444444 3410
63.640972222222224 3052
63.90416666666667 489
64.51875 1245
64.65972222222223 6726
64.76875 16378
65.42916666666666 489
65.8861111111111 14193
66.06388888888888 11723
66.51319444444445 5679
66.89444444444445 2895
67.45416666666667 11645
67.91458333333334 18311
68.17986111111111 8621
68.47152777777778 17875
69.575 15087
69.97708333333334 16170
70.10902777777778 14193
70.3326388888889 2690
71.46041666666666 17001
71.7125 6049
71.95694444444445 17001
72.09375 9796
72.61041666666667 15047
72.70138888888889 16896
73.19652777777777 18311
73.6673611111111 8274
73.68541666666667 6590
74.62986111111111 14193
75.71041666666666 2690
75.75208333333333 11645
76.27708333333334 3410
76.37708333333333 17001
76.61805555555556 7959
77.54791666666667 17001
78.42569444444445 489
79.05486111111111 18311
79.68194444444444 3238
79.79861111111111 15087
79.97708333333334 14193
80.59791666666666 11645
81.37083333333334 12392
81.47847222222222 5628
82.00763888888889 6590
82.46805555555555 18711
82.99236111111111 17001
83.23125 17001
83.40069444444444 14193
83.50833333333334 3796
83.55208333333333 11645
83.58402777777778 6086
84.59097222222222 14193
84.85972222222222 18347
85.24166666666666 1245
85.40625 11011
85.42569444444445 2690
85.62222222222222 6049
87.13888888888889 11645
87.73194444444445 1245
87.97152777777778 1245
88.9576388888889 7556
89.35347222222222 11459
89.49097222222223 14193
90.17847222222223 3410
90.31527777777778 12408
91.31666666666666 2895
91.32638888888889 14193
91.44513888888889 17001
91.50138888888888 2895
91.81388888888888 9938
92.3638888888889 6726
92.66527777777777 3282
92.95694444444445 14193
92.96736111111112 12227
93.5513888888889 2895
93.86041666666667 18311
93.89444444444445 14193
93.9576388888889 11645
94.37361111111112 17001
94.49375 11645
94.8375 18347
94.94791666666667 15087
94.95486111111111 17622
95.05833333333334 14193
95.39236111111111 14193
96.325 12408
96.56388888888888 11645
97.26736111111111 16418
97.64375 17001
99.575 12408
99.64791666666666 16799
99.86805555555556 6726
100.03472222222223 4147
100.38402777777777 6049
100.71736111111112 3238
100.72013888888888 14193
101.70416666666667 11645
101.91319444444444 1245
102.29305555555555 18311
102.46597222222222 11645
102.67847222222223 17001
102.67847222222223 18347
102.70347222222222 17001
103.04791666666667 17188
103.34513888888888 4843
103.425 17001
103.90416666666667 15040
105.56319444444445 12392
105.6138888888889 17001
105.94375 489
106.38125 6049
106.60625 18711
106.78611111111111 12911
106.88333333333334 15344
107.37777777777778 6726
107.98680555555555 2895
108.13055555555556 6086
108.7923611111111 11645
108.8951388888889 14193
109.75347222222223 14193
110.37777777777778 1245
110.37777777777778 18347
110.54861111111111 11139
110.89930555555556 18347
111.82847222222222 17001
112.43263888888889 6509
112.80833333333334 2895
113.33680555555556 15087
113.40972222222223 2690
114.07569444444445 1245
114.34861111111111 15551
115.45416666666667 17001
115.59513888888888 11645
116.59375 3410
116.59583333333333 17001
117.18402777777777 4257
117.275 10630
117.29930555555555 11645
117.56111111111112 14193
117.59722222222223 3410
117.79722222222222 15087
117.81666666666666 6726
118.29791666666667 6590
118.99097222222223 59
118.99513888888889 11719
119.61319444444445 16170
119.70416666666667 6502
120.4173611111111 10538
120.48958333333333 17001
120.73125 1245
120.82847222222222 8621
120.91944444444445 4147
121.12291666666667 7556
121.42013888888889 3410
124.42083333333333 3410
124.51527777777778 11645
124.68333333333334 14193
124.84930555555556 11645
125.49652777777777 11645
125.67847222222223 14193
126.42708333333333 14193
126.61111111111111 17001
126.61805555555556 1245
126.92847222222223 6590
127.71041666666666 6590
127.81875 59
128.51319444444445 15047
129.47569444444446 17875
130.47708333333333 11011
130.575 15283
130.60069444444446 12763
131.28333333333333 17001
131.39375 489
131.5236111111111 11645
132.6638888888889 9999
132.68194444444444 5544
132.99652777777777 15087
133.00833333333333 15087
133.3513888888889 15087
133.93541666666667 17001
134.4597222222222 14857
134.48125 6086
136.25833333333333 6817
138.2763888888889 14193
138.67708333333334 4514
138.6798611111111 4187
140.46527777777777 18311
141.59722222222223 6590
141.76597222222222 489
142.26944444444445 14193
142.67291666666668 18711
142.68125 5544
143.34791666666666 3410
144.15902777777777 14193
144.53402777777777 11645
145.00972222222222 7970
145.35972222222222 59
145.40555555555557 13702
145.48263888888889 10292
145.65347222222223 15087
146.32222222222222 14663
146.54930555555555 17001
146.89166666666668 3410
147.45069444444445 14193
147.46944444444443 13702
147.4875 1245
147.7201388888889 12408
148.58402777777778 11208
148.67291666666668 11011
149.4152777777778 14193
150.43541666666667 14193
150.67291666666668 6590
151.20416666666668 4860
151.51180555555555 12227
152.68819444444443 10346
152.82708333333332 17001
153.17361111111111 14193
153.68194444444444 17001
153.73472222222222 10538
153.85486111111112 3410
154.3423611111111 14193
154.76875 15087
154.89027777777778 4843
155.36319444444445 489
155.67291666666668 14193
155.79583333333332 15087
156.52013888888888 17001
157.04305555555555 15087
157.2111111111111 6590
157.42361111111111 3410
157.43402777777777 12501
157.46805555555557 11208
158.82291666666666 18786
158.97569444444446 14193
159.6027777777778 14193
160.66597222222222 11645
160.78680555555556 17001
161.29513888888889 1245
161.67916666666667 2895
161.7826388888889 12763
162.14652777777778 4256
162.44791666666666 17001
162.6951388888889 9440
163.3701388888889 17001
163.4375 12485
163.57986111111111 17001
163.59583333333333 14193
164.59930555555556 6590
166.475 11645
166.55416666666667 10292
166.90833333333333 3410
167.43055555555554 6049
167.8347222222222 14193
168.38055555555556 11208
168.55069444444445 17001
168.5986111111111 14193
168.94583333333333 17001
169.00069444444443 11810
169.75208333333333 17888
169.91041666666666 1245
170.81041666666667 2895
171.3215277777778 3410
171.3215277777778 14193
171.53402777777777 3410
171.8361111111111 11645
172.425 11645
172.45069444444445 15087
172.52083333333334 1430
172.7798611111111 18311
172.99930555555557 2690
173.2902777777778 17001
173.37291666666667 17001
173.39444444444445 7970
175.41805555555555 2895
175.48888888888888 11645
175.59652777777777 6086
175.71666666666667 2802
175.79861111111111 11011
176.42569444444445 14283
176.50625 2895
176.725 17001
176.94791666666666 17001
176.95833333333334 1245
177.57916666666668 6049
177.89652777777778 14193
177.95763888888888 14193
178.1340277777778 3410
178.90347222222223 12408
180.43819444444443 6590
180.80277777777778 2690
180.88055555555556 3282
181.02291666666667 14193
181.35347222222222 14675
181.45 6590
181.6548611111111 17001
182.49375 2802
182.69097222222223 17284
182.70902777777778 17001
182.77708333333334 17001
182.88888888888889 4860
182.94027777777777 17001
182.94027777777777 3052
183.48055555555555 14193
183.80625 6726
183.90972222222223 16896
185.0361111111111 17001
185.90416666666667 11645
186.90694444444443 1430
187.37708333333333 14193
188.4076388888889 2690
188.52083333333334 17001
189.03472222222223 18311
189.35486111111112 2690
189.54305555555555 2399
190.50694444444446 3410
190.8076388888889 15087
191.4 11645
191.57638888888889 6726
191.74722222222223 2690
191.8736111111111 1245
192.41597222222222 10630
192.78541666666666 17001
193.1027777777778 6726
193.75277777777777 6049
193.75277777777777 6726
194.73611111111111 3410
196.50208333333333 11645
196.77013888888888 1245
196.97569444444446 1245
197.11875 3117
197.22916666666666 4860
197.45694444444445 11645
197.74930555555557 6590
197.90208333333334 6726
197.9638888888889 1245
198.41458333333333 3410
198.64166666666668 14
198.67916666666667 17001
199.44097222222223 15087
199.68333333333334 12485
199.84444444444443 14193
199.9138888888889 16896
200.4909722222222 1245
201.50416666666666 14193
202.49652777777777 17001
202.79305555555555 6086
203.6027777777778 17001
204.38819444444445 3410
204.62152777777777 1245
205.3486111111111 11645
205.44722222222222 17001
205.65833333333333 489
205.7625 2895
205.96180555555554 14193
206.32777777777778 8884
207.21041666666667 11645
207.51597222222222 16896
207.7173611111111 17001
208.4638888888889 14193
208.47916666666666 6049
208.58125 14664
208.69583333333333 2895
208.84930555555556 17001
209.36875 1245
209.525 2895
210.14791666666667 3410
210.6951388888889 6049
210.82430555555555 14147
211.44930555555555 9999
212.25833333333333 11645
212.9423611111111 16170
213.47222222222223 6049
214.35486111111112 1245
214.52013888888888 11645
215.00694444444446 10810
215.38333333333333 6071
215.58541666666667 6879
216.2902777777778 17001
216.54444444444445 16896
218.49166666666667 3410
218.51805555555555 2690
218.54097222222222 17001
218.61041666666668 8546
218.79305555555555 8884
219.24791666666667 18311
219.49722222222223 3410
219.83541666666667 11645
220.43958333333333 11645
220.43958333333333 2802
220.55625 489
220.98888888888888 8691
221.11527777777778 17001
221.98194444444445 3410
222.25833333333333 16896
222.45347222222222 6086
222.64791666666667 1245
222.83819444444444 17001
223.15833333333333 1245
224.47569444444446 3282
224.65069444444444 17001
224.7125 15087
224.93333333333334 489
225.50208333333333 11645
225.61319444444445 17888
225.7201388888889 17001
226.24583333333334 11723
226.50972222222222 6086
226.96319444444444 11645
227.79236111111112 6502
228.06180555555557 14193
228.825 11810
228.98819444444445 6590
229.02291666666667 14663
229.13125 1811
229.44166666666666 8621
230.68819444444443 14193
231.44305555555556 11645
231.55 2399
231.6173611111111 5388
232.73194444444445 17001
233.51319444444445 15551
233.64513888888888 14193
233.95902777777778 6590
234.6375 8492
234.70555555555555 3410
234.83541666666667 8621
235.3986111111111 17001
235.4284722222222 2802
235.7 9999
235.93055555555554 11645
236.7826388888889 17308
237.24791666666667 3410
238.00277777777777 17001
238.65694444444443 14472
238.95069444444445 6049
239.23055555555555 14193
239.8659722222222 17001
240.4638888888889 6049
240.57291666666666 11645
241.3423611111111 1245
241.38819444444445 18311
241.4875 2399
242.5701388888889 10223
243.3347222222222 11645
243.81319444444443 14193
244.22569444444446 13560
245.37430555555557 15047
245.5875 1245
245.68402777777777 9796
246.3625 14193
246.5888888888889 489
246.59444444444443 6086
246.61180555555555 6049
246.76805555555555 17897
247.00625 18311
247.38680555555555 8691
248.43402777777777 17001
248.62777777777777 2895
248.7423611111111 17284
249.01736111111111 11645
249.01944444444445 7970
249.12847222222223 3844
249.7 18311
249.82777777777778 18311
249.82777777777778 18347
250.60902777777778 17001
251.05625 8274
251.36666666666667 1245
252.67916666666667 9129
252.7409722222222 3052
253.77708333333334 3282
253.88333333333333 3410
254.63819444444445 17001
254.7097222222222 17001
255.1340277777778 489
255.63958333333332 2895
255.98541666666668 6049
257.37708333333336 17001
257.7319444444444 17001
257.87083333333334 3410
258.08958333333334 1245
258.5798611111111 4947
258.87361111111113 5388
259.5888888888889 14193
259.8541666666667 3410
260.3833333333333 3410
260.4875 9391
261.76944444444445 8274
261.85833333333335 17001
262.4013888888889 3410
262.58125 16896
262.73125 59
263.29375 12408
263.4798611111111 3410
263.59305555555557 2690
263.8520833333333 6086
264.23819444444445 6726
264.43541666666664 1369
264.58472222222224 17001
264.6118055555556 1245
264.65416666666664 15979
264.6743055555556 10538
264.8625 1245
265.5131944444444 4860
265.88125 14193
266.79375 6627
267.40625 14663
267.59305555555557 489
267.65763888888887 14193
268.3208333333333 6049
268.3986111111111 1245
268.78819444444446 14193
268.7993055555556 10538
269.3902777777778 18311
269.4166666666667 14193
269.4423611111111 14193
269.5527777777778 13560
270.3833333333333 6726
270.79305555555555 2895
270.93541666666664 12227
271.59305555555557 17001
272.37916666666666 18711
272.4347222222222 15979
272.7993055555556 15040
273.70208333333335 3410
274.57708333333335 1245
274.6701388888889 18311
275.3645833333333 9796
275.5701388888889 2690
276.25555555555553 1245
276.8305555555556 2690
276.9111111111111 1245
277.34583333333336 18311
277.4194444444444 18311
277.82708333333335 6590
278.5541666666667 15551
279.3597222222222 2690
279.43402777777777 6590
280.50416666666666 11011
280.6694444444444 1245
280.9277777777778 2337
281.34722222222223 6590
281.5986111111111 4214
282.3256944444444 17001
282.34027777777777 6726
282.61041666666665 15087
282.75069444444443 18311
283.59583333333336 7997
283.6201388888889 3410
283.7944444444444 8884
284.5777777777778 2895
285.49583333333334 18311
285.5541666666667 3410
285.71875 14193
286.07152777777776 17001
286.62361111111113 17001
286.68125 6071
287.4243055555556 10279
287.48819444444445 17001
287.5798611111111 6726
287.5798611111111 1245
288.61805555555554 2658
289.0986111111111 2854
289.3902777777778 489
289.47569444444446 10075
289.88680555555555 4147
289.88680555555555 6590
290.1722222222222 17001
290.2284722222222 6049
290.66527777777776 9698
290.71458333333334 4822
291.46319444444447 1245
291.58472222222224 14193
291.72083333333336 16896
293.18958333333336 16378
293.3854166666667 17001
293.39722222222224 2690
293.9923611111111 17001
295.00625 17001
295.02569444444447 18311
295.4590277777778 1245
295.46319444444447 17001
295.7104166666667 6086
295.88680555555555 18311
296.3951388888889 11645
297.3548611111111 12911
297.59722222222223 6726
297.7631944444444 1245
298.475 6590
298.64375 10876
298.90694444444443 11645
299.5784722222222 11645
299.61875 6086
300.0375 17140
300.5625 17756
301.12916666666666 14193
301.13055555555553 4947
301.4923611111111 17001
301.7784722222222 10075
301.8326388888889 17001
302.41527777777776 18347
302.4527777777778 11645
302.46319444444447 17001
303.4548611111111 3410
303.65 17001
305.16041666666666 10876
305.3027777777778 3410
305.45208333333335 17888
305.92569444444445 14193
305.9784722222222 6071
306.3875 14193
306.6069444444444 2802
306.8229166666667 14193
306.8597222222222 5159
307.4895833333333 1245
307.62916666666666 11011
307.6298611111111 6049
307.71875 11645
307.9138888888889 11645
308.36875 17001
308.42083333333335 14193
308.44305555555553 489
308.54375 10279
309.6 6590
310.06597222222223 10843
310.93333333333334 15040
311.1034722222222 17140
311.5284722222222 18311
311.91805555555555 1811
312.1465277777778 6049
312.22777777777776 2895
313.39166666666665 14193
313.4895833333333 4514
313.85625 14193
314.3847222222222 11645
315.3020833333333 6696
316.59444444444443 16896
316.62638888888887 18034
316.65 17001
316.9 7322
317.68958333333336 3410
317.7423611111111 2690
317.9506944444444 15551
318.7 3052
318.71319444444447 15087
319.8847222222222 6726
321.1701388888889 6590
321.2263888888889 2802
321.3486111111111 1811
321.34930555555553 3410
321.6138888888889 4843
322.40416666666664 3410
323.38055555555553 6726
323.58125 14193
323.7729166666667 17001
325.34513888888887 489
327.375 11645
327.4472222222222 10796
327.62430555555557 11719
327.7048611111111 18543
327.95208333333335 6696
327.9604166666667 14193
328.15763888888887 17001
328.56458333333336 11645
328.60555555555555 3410
328.6659722222222 9391
328.7986111111111 17001
328.8826388888889 18311
329.4770833333333 12408
329.55347222222224 1245
329.9402777777778 1245
330.2527777777778 6590
330.5756944444444 1245
330.83958333333334 11645
331.0625 14193
331.33819444444447 14193
331.40625 17001
331.45972222222224 10908
331.6777777777778 3282
331.8923611111111 1245
332.47013888888887 3282
333.0701388888889 7556
333.31944444444446 11645
333.48125 12505
333.69652777777776 6509
333.8861111111111 14193
334.1875 14663
334.5784722222222 17001
335.20694444444445 3410
335.60069444444446 15040
335.63125 18311
336.35833333333335 3410
336.44444444444446 2802
337.40555555555557 9796
337.41319444444446 11645
337.44444444444446 59
337.4659722222222 6726
338.36875 1245
338.6076388888889 3410
340.18125 14193
340.37361111111113 6049
342.60555555555555 10374
343.1381944444444 15979
343.5451388888889 14193
343.90972222222223 2895
344.6145833333333 6049
346.3041666666667 14193
346.41319444444446 17001
346.4770833333333 1245
347.3361111111111 3282
347.40208333333334 17001
347.43819444444443 12911
347.75 14193
348.3340277777778 2895
348.3569444444444 17001
349.3625 4822
349.7284722222222 17001
349.7909722222222 11645
350.3534722222222 3410
350.40416666666664 1245
350.6666666666667 2690
350.74930555555557 6627
351.44375 16530
351.5548611111111 4843
351.6479166666667 18786
352.32916666666665 14663
352.7263888888889 14193
352.8888888888889 6590
353.2402777777778 14663
353.9347222222222 6049
354.2125 17001
354.2763888888889 18311
354.45208333333335 2895
354.93055555555554 6049
355.3298611111111 11645
356.5236111111111 17001
356.9458333333333 6726
357.3958333333333 17001
357.5527777777778 2854
357.8263888888889 6071
358.2083333333333 177
359.1048611111111 14193
359.43541666666664 15087
359.60833333333335 18711
360.37708333333336 6590
360.43541666666664 17001
361.39722222222224 6879
361.60833333333335 2854
361.6430555555556 10130
361.7076388888889 17001
361.74930555555557 14193
362.41527777777776 12505
362.43194444444447 14193
362.4791666666667 17001
362.7736111111111 18311
363.5131944444444 14163
363.5673611111111 11645
363.6125 14193
364.06875 15040
364.38680555555555 11645
364.4013888888889 3410
365.83680555555554 18234
