14 12
59 35
149 3
177 6
254 0
378 6
430 3
434 3
489 159
729 0
927 6
979 12
1104 12
1245 689
1369 12
1430 83
1578 0
1811 24
2021 3
2117 3
2161 9
2171 12
2260 6
2337 10
2399 31
2658 12
2690 212
2712 3
2802 54
2854 39
2895 300
3052 60
3117 15
3238 18
3282 98
3319 6
3410 549
3581 0
3692 3
3796 13
3844 6
3895 12
4069 3
4100 9
4101 6
4147 27
4182 6
4187 22
4214 15
4256 12
4257 3
4514 12
4683 3
4822 53
4843 46
4860 15
4886 9
4922 3
4947 35
5013 9
5057 6
5159 12
5268 3
5388 55
5460 0
5544 24
5628 12
5679 6
5846 20
5929 6
5953 3
6049 295
6071 50
6086 126
6090 18
6481 3
6502 19
6509 21
6590 315
6627 47
6696 30
6726 227
6817 3
6849 12
6859 9
6879 6
7322 18
7334 7
7356 0
7395 9
7556 15
7645 3
7745 12
7908 3
7959 3
7970 54
7997 18
8037 3
8069 3
8138 3
8234 9
8247 3
8274 9
8492 18
8546 15
8621 42
8691 20
8884 9
8982 3
8990 20
9129 9
9388 12
9391 33
9440 6
9583 20
9591 10
9626 3
9698 6
9796 28
9893 3
9938 6
9985 3
9999 13
10075 18
10130 15
10152 3
10200 3
10223 3
10262 6
10279 6
10292 30
10346 7
10374 3
10538 12
10563 18
10598 3
10630 24
10682 3
10796 6
10808 6
10810 12
10843 6
10876 28
10908 74
11011 71
11139 8
11208 84
11441 6
11459 12
11500 9
11638 0
11642 3
11645 794
11719 19
11723 15
11750 9
11810 9
11908 6
11937 12
11968 6
12009 3
12227 27
12344 3
12392 33
12408 86
12485 9
12501 9
12505 6
12743 9
12763 9
12911 26
12946 3
12965 0
13183 9
13194 3
13221 12
13236 32
13238 9
13383 9
13560 9
13702 28
13750 7
13776 9
14105 10
14147 6
14163 3
14193 1005
14283 12
14301 0
14356 12
14407 6
14472 6
14663 40
14664 16
14675 15
14799 6
14857 6
14971 0
15040 44
15047 16
15087 243
15101 0
15125 0
15132 3
15283 9
15344 12
15488 6
15532 9
15547 9
15551 50
15767 6
15823 3
15833 32
15922 20
15945 6
15979 31
16170 52
16276 18
16373 0
16378 40
16401 6
16418 14
16530 9
16624 3
16659 18
16785 6
16799 24
16896 155
17001 1302
17140 43
17188 15
17284 52
17308 6
17422 0
17622 3
17678 6
17756 24
17800 6
17875 6
17888 27
17897 14
17970 9
18034 12
18087 3
18234 34
18311 268
18347 71
18506 12
18543 9
18601 6
18667 12
18702 6
18711 54
18786 35
18887 6